27
29
30
174
201
202
217
226
230
237
240
241
245
263
272
273
277
278
279
281
282
286
287
288
291
294
295
300
312
316
321
324
327
334
335
337
339
340
343
344
345
352
355
357
362
366
367
368
370
379
388
389
392
396
409
413
421
430
431
436
442
453
455
456
463
481
483
485
486
487
489
491
493
494
505
506
507
510
511
512
513
525
535
568
572
573
574
576
581
585
586
587
588
599
610
624
626
627
633
635
639
647
656
662
668
669
679
685
687
689
690
698
700
702
705
706
711
715
725
726
729
734
736
738
746
748
749
760
767
770
773
777
779
796
808
812
814
815
822
826
829
830
833
836
842
843
844
847
851
852
858
870
874
880
884
891
905
907
911
925
926
929
932
933
936
949
950
952
954
956
968
970
972
976
978
980
981
994
995
1000
1004
1007
1021
1025
1033
1035
1042
1052
1059
1063
1072
1075
1082
1088
1090
1095
1097
1107
1111
1121
1127
1129
1131
1134
1142
1143
1145
1149
1151
1155
1161
1162
1167
1173
1177
1179
1180
1182
1186
1193
1195
1197
1199
1201
1207
1214
1217
1220
1249
1253
1254
1257
1259
1263
1267
1280
1282
1289
1292
1297
1307
1310
1311
1314
1317
1318
1324
1327
1340
1343
1346
1348
1352
1353
1355
1365
1366
1376
1383
1386
1397
1421
1423
1425
1429
1436
1438
1441
1444
1445
1449
1457
1460
1465
1466
1467
1470
1471
1473
1477
1486
1493
1498
1515
1517
1520
1521
1524
1525
1527
1528
1532
1535
1536
1537
1538
1539
1540
1541
1542
1544
1545
1546
1547
1548
1549
1553
1558
1559
1560
1562
1563
1564
1567
1574
1577
1578
1581
1585
1588
1589
1591
1592
1593
1594
1595
1599
1602
1603
1605
1606
1607
1608
1609
1610
1612
1613
1617
1618
1619
1620
1621
1622
1623
1624
1625
1627
1628
1629
1630
1632
1633
1635
1636
1639
1640
1645
1653
1654
1658
1659
1663
1664
1666
1679
1680
1701
1702
1704
1705
1706
1707
1708
1710
1711
1713
1714
1715
1716
1717
1718
1719
1721
1724
1727
1728
1729
1730
1731
1732
1733
1734
1736
1737
1738
1739
1741
1744
1747
1749
1750
1751
1752
1753
1758
1760
1761
1762
1763
1765
1766
1767
1769
1770
1772
1773
1775
1777
1779
1780
1783
1789
1790
1791
1794
1795
1796
1797
1798
1799
1801
1802
1803
1804
1805
1808
1809
1810
1811
1812
1813
1814
1815
1817
1818
1819
1820
1823
1824
1825
1827
1828
1830
1831
1832
1833
1836
1837
1838
1842
1843
1844
1845
1847
1848
1849
1850
1852
1853
1854
1855
1856
1857
1858
1861
1862
1863
1866
1867
1869
1870
1871
1872
1873
1874
1875
1876
1877
1878
1880
1881
1884
1885
1887
1890
1892
1894
1895
1896
1897
1898
1899
1901
1903
1904
1910
1912
1914
1915
1916
1917
1918
1919
1920
1921
1922
1923
1924
1926
1927
1928
1930
1931
1932
1933
1934
1935
1936
1937
1938
2613
2614
2615
2618
2623
2624
2625
2626
2627
2628
2629
2630
2631
2632
2633
2634
2635
2636
2637
2640
2641
2642
2643
2644
2646
2647
2648
2649
2650
2655
2656
2657
2664
2665
2666
2667
2669
2672
2673
2674
2675
2676
2677
2678
2679
2680
2682
2686
2687
2688
2689
2693
2694
2699
2701
2702
2703
2704
2705
2706
2707
2708
2709
2711
2712
2713
2714
2715
2717
2718
2719
2720
2721
2722
2724
2726
2728
2729
2730
2731
2734
2735
2736
2739
2740
2744
2746
2747
2748
2750
2751
2752
2753
2755
2757
2758
2759
2760
2762
2763
2765
2766
2767
2768
2769
2770
2771
2772
2773
2774
2775
2776
2778
2779
2780
2783
2784
2785
2786
2789
2790
2791
2792
2793
2794
2795
2796
2797
2799
2800
2801
2802
2803
2804
2805
2806
2807
2808
2809
2812
2813
2815
2816
2821
2824
2828
2830
2831
2833
2834
2835
2839
2840
2844
2846
2847
2848
2849
2851
2852
2853
2854
2855
2856
2859
2862
2865
2866
2867
2868
2869
2871
2872
2873
2874
2875
2876
2877
2878
2879
2880
2881
2882
2883
2884
2886
2888
2890
2891
2892
2893
2894
2895
2897
2899
2900
2901
2902
2903
2904
2905
2906
2907
2911
2914
2915
2916
2918
2919
2921
2922
2923
2924
2925
2928
2931
2933
2934
2935
2936
2937
2939
2940
2941
2942
2945
2947
2949
2950
2951
2952
2953
2954
2955
2956
2957
2958
2959
2960
2961
2962
2965
2966
2967
2968
2969
2972
2973
2975
2976
2977
2982
2983
2985
2986
2987
2989
2990
2991
2992
2993
2994
2996
2997
2998
2999
3000
3001
3002
3003
3004
3005
3007
3008
3009
3010
3011
3012
3013
3014
3015
3018
3019
3020
3021
3022
3023
3024
3025
3027
3028
3029
3031
3032
3033
3034
3036
3037
3038
3039
3042
3043
3045
3046
3050
3051
3052
3053
3054
3055
3056
3057
3058
3059
3060
3061
3062
3063
3064
3065
3067
3069
3070
3073
3074
3075
3077
3078
3079
3080
3081
3082
3083
3085
3086
3087
3088
3089
3090
3093
3094
3095
3098
3102
3103
3104
3105
3106
3107
3109
3110
3112
3113
3114
3115
3117
3118
3119
3120
3121
3122
3123
3124
3125
3126
3127
3129
3131
3134
3135
3137
3138
3139
3140
3141
3144
3145
3146
3147
3148
3149
3150
3151
3152
3153
3154
3155
3156
3157
3158
3159
3160
3161
3162
3164
3165
3166
3167
3168
3169
3172
3173
3177
3178
3180
3182
3184
3185
3186
3187
3188
3189
3190
3191
3192
3193
3194
3195
3196
3197
3198
3199
3200
3202
3203
3204
3205
3206
3207
3208
3209
3210
3212
3213
3214
3215
3216
3217
3219
3220
3222
3223
3224
3225
3226
3228
3229
3230
3231
3232
3233
3236
3237
3238
3239
3240
3242
3243
3244
3245
3246
3247
3248
3249
3250
3251
3252
3253
3257
3258
3259
3260
3261
3262
3263
3265
3266
3269
3271
3272
3273
3274
3275
3276
3278
3279
3280
3281
3282
3283
3285
3287
3288
3289
3291
3292
3293
3294
3295
3298
3300
3303
3305
3306
3308
3309
3310
3311
3312
3313
3316
3317
3318
3320
3325
3326
3327
3328
3329
3330
3331
3332
3335
3336
3338
3339
3340
3341
3343
3344
3345
3346
3347
3348
3349
3350
3351
3352
3353
3354
3355
3356
3358
3359
3360
3362
3364
3365
3366
3367
3368
3372
3374
3375
3377
3378
3379
3380
3381
3382
3383
3384
3385
3387
3388
3389
3390
3391
3392
3393
3394
3395
3396
3397
3398
3402
3409
3411
3412
3413
3414
3415
3416
3417
3418
3419
3422
3423
3424
3425
3426
3427
3429
3432
3433
3434
3435
3436
3438
3439
3440
3441
3442
3443
3444
3445
3446
3447
3448
3450
3451
3452
3453
3454
3455
3456
3457
3458
3459
3460
3461
3462
3463
3464
3465
3466
3467
3468
3469
3470
3471
3472
3473
3474
3475
3476
3477
3478
3479
3481
3482
3483
3484
3485
3487
3488
3490
3491
3492
3495
3496
3497
3498
3499
3500
3501
3503
3504
3505
3506
3507
3508
3509
3510
3511
3512
3514
3515
3516
3517
3518
3519
3520
3521
3523
3525
3527
3528
3529
3530
3531
3532
3533
3534
3535
3536
3539
3540
3541
3542
3543
3544
3546
3547
3549
3550
3551
3552
3553
3554
3555
3556
3558
3559
3563
3564
3565
3566
3567
3568
3573
3575
3576
3577
3580
3581
3582
3583
3584
3585
3586
3588
3590
3591
3592
3593
3594
3595
3596
3597
3598
3603
3604
3606
3608
3609
3610
3611
3612
3613
3614
3615
3616
3617
3618
3619
3621
3623
3624
3626
3629
3630
3633
3636
3637
3638
3639
3640
3641
3642
3644
3646
3647
3648
3649
3651
3653
3655
3656
3657
3658
3659
3660
3661
3662
3663
3664
3665
3666
3668
3669
3670
3671
3672
3673
3674
3675
3676
3677
3678
3679
3680
3681
3683
3684
3685
3686
3688
3689
3690
3691
3693
3696
3697
3698
3700
3701
3702
3703
3704
3705
3706
3707
3708
3709
3710
3711
3712
3717
3718
3719
3720
3722
3725
3726
3727
3728
3729
3731
3732
3733
3734
3735
3736
3737
3738
3739
3740
3741
3744
3745
3746
3747
3748
3749
3750
3751
3752
3753
3754
3755
3756
3757
3759
3760
3761
3762
3763
3765
3766
3767
3769
3770
3771
3772
3773
3774
3775
3776
3777
3778
3781
3783
3784
3785
3786
3787
3788
3789
3790
3791
3792
3793
3794
3795
3796
3797
3798
3800
3802
3803
3805
3808
3809
3810
3812
3813
3814
3815
3816
3817
3818
3819
3820
3821
3822
3823
3826
3827
3828
3829
3830
3831
3832
3833
3834
3835
3837
3839
3840
3841
3842
3843
3844
3845
3846
3847
3848
3849
3850
3851
3852
3853
3854
3855
3856
3857
3858
3860
3861
3862
3863
3864
3865
3866
3867
3868
3869
3870
3871
3872
3873
3874
3875
3876
3877
3878
3879
3880
3881
3882
3883
3884
3885
3886
3887
3888
3892
3893
3894
3895
3896
3897
3898
3899
3902
3904
3905
3906
3907
3908
3909
3910
3911
3912
3913
3914
3915
3916
3919
3920
3922
3923
3926
3927
3928
3931
3935
3936
3937
3938
3940
3941
3942
3943
3944
3945
3946
3947
3948
3949
3950
3951
3953
3955
3956
3957
3959
3963
3966
3967
3968
3969
3974
3975
3978
3979
3980
3981
3982
3983
3984
3985
3986
3988
3989
3990
3991
3992
3993
3994
4005
4006
4007
4009
4010
4011
4013
4014
4015
4016
4017
4020
4021
4022
4023
4024
4026
4027
4028
4029
4030
4040
4041
4042
4044
4045
4046
4047
4048
4049
4050
4051
4052
4053
4054
4055
4056
4057
4058
4059
4060
4061
4062
4063
4064
4065
4066
4067
4068
4069
4070
4072
4073
4074
4075
4076
4077
4078
4079
4081
4082
4083
4085
4086
4088
4089
4091
4092
4093
4094
4095
4096
4097
4098
4100
4101
4102
4103
4104
4106
4107
4108
4109
4110
4111
4112
4113
4115
4116
4117
4118
4119
4120
4121
4122
4123
4125
4127
4128
4129
4130
4131
4132
4133
4135
4136
4137
4138
4139
4140
4141
4142
4143
4144
4145
4146
4147
4148
4149
4150
4151
4153
4154
4155
4156
4158
4162
4163
4164
4165
4166
4167
4169
4171
4172
4173
4174
4175
4176
4177
4178
4179
4180
4181
4182
4183
4185
4186
4187
4188
4190
4191
4192
4193
4194
4195
4196
4197
4198
4199
4200
4202
4203
4204
4207
4208
4209
4210
4211
4212
4213
4214
4215
4216
4217
4220
4221
4224
4225
4226
4227
4228
4229
4230
4231
4232
4234
4235
4236
4237
4239
4240
4241
4242
4244
4246
4247
4248
4249
4251
4252
4253
4254
4255
4256
4258
4259
4260
4261
4262
4263
4264
4266
4267
4268
4271
4273
4274
4278
4279
4280
4281
4283
4284
4285
4287
4288
4289
4290
4291
4292
4293
4294
4295
4297
4298
4299
4300
4301
4302
4303
4304
4305
4306
4307
4308
4310
4311
4312
4313
4314
4315
4317
4318
4319
4320
4322
4323
4325
4326
4327
4328
4329
4330
4331
4332
4333
4334
4335
4336
4337
4338
4339
4340
4341
4342
4343
4344
4345
4346
4350
4353
4354
4355
4356
4357
4358
4359
4361
4362
4363
4364
4365
4366
4367
4368
4369
4370
4371
4372
4373
4375
4377
4378
4379
4380
4381
4382
4383
4387
4388
4389
4391
4392
4395
4397
4398
4399
4400
4402
4403
4404
4405
4406
4407
4408
4409
4410
4411
4412
4413
4415
4416
4417
4418
4419
4421
4422
4423
4425
4428
4429
4430
4431
4432
4433
4434
4435
4436
4437
4438
4439
4440
4441
4442
4444
4446
4448
4449
4451
4453
4454
4455
4456
4457
4459
4460
4463
4464
4466
4467
4468
4469
4470
4471
4472
4473
4474
4477
4479
4480
4481
4482
4483
4485
4486
4487
4488
4489
4490
4491
4492
4494
4495
4496
4497
4498
4499
4501
4502
4503
4504
4505
4506
4507
4508
4509
4511
4512
4513
4514
4516
4517
4518
4519
4520
4524
4525
4526
4527
4529
4530
4531
4532
4534
4536
4537
4538
4540
4541
4542
4543
4544
4545
4546
4547
4549
4550
4551
4552
4553
4554
4555
4556
4557
4558
4559
4560
4561
4562
4563
4564
4565
4566
4567
4568
4569
4570
4571
4572
4574
4576
4580
4581
4582
4583
4585
4586
4587
4588
4589
4590
4591
4592
4593
4594
4595
4597
4598
4599
4601
4602
4603
4605
4606
4607
4608
4609
4610
4611
4612
4613
4614
4615
4616
4617
4619
4620
4621
4622
4623
4625
4626
4627
4628
4629
4630
4631
4632
4633
4634
4636
4637
4638
4639
4640
4641
4642
4643
4644
4646
4647
4649
4651
4652
4653
4654
4655
4656
4657
4659
4660
4661
4662
4663
4664
4665
4666
4667
4668
4669
4671
4672
4673
4676
4677
4679
4680
4681
4682
4684
4687
4688
4689
4690
4691
4692
4693
4694
4695
4696
4697
4698
4699
4700
4701
4703
4704
4705
4707
4708
4709
4710
4711
4712
4713
4714
4716
4717
4718
4719
4720
4722
4723
4724
4725
4726
4727
4728
4730
4731
4732
4734
4735
4736
4737
4738
4739
4740
4741
4742
4743
4744
4745
4746
4747
4748
4749
4750
4751
4752
4753
4755
4756
4757
4758
4759
4760
4761
4762
4763
4764
4765
4767
4769
4770
4771
4772
4773
4774
4775
4776
4777
4778
4779
4780
4781
4783
4784
4785
4786
4787
4788
4789
4791
4792
4793
4794
4795
4796
4797
4798
4799
4800
4801
4802
4806
4807
4808
4809
4810
4811
4812
4813
4814
4815
4816
4817
4818
4819
4820
4821
4822
4823
4824
4825
4826
4827
4829
4830
4831
4832
4834
4835
4836
4837
4838
4839
4841
4842
4845
4846
4847
4848
4849
4850
4851
4853
4855
4856
4857
4858
4861
4862
4863
4864
4865
4866
4867
4868
4869
4870
4871
4872
4873
4874
4875
4876
4878
4879
4880
4881
4882
4883
4884
4885
4886
4887
4888
4889
4890
4891
4892
4894
4896
4897
4899
4900
4901
4902
4903
4904
4906
4907
4910
4911
4912
4913
4914
4915
4916
4917
4918
4919
4920
4921
4923
4925
4927
4928
4930
4931
4932
4933
4934
4935
4936
4938
4940
4941
4942
4943
4944
4946
4948
4949
4950
4952
4953
4958
4959
4960
4961
4962
4963
4964
4965
4966
4967
4968
4969
4970
4971
4973
4974
4975
4976
4977
4978
4979
4981
4982
4983
4984
4986
4987
4988
4991
4992
4994
4995
4996
4997
4998
4999
5001
5002
5003
5004
5005
5006
5007
5008
5009
5010
5011
5012
5013
5015
5016
5017
5018
5019
5020
5021
5022
5023
5025
5026
5027
5028
5029
5030
5031
5032
5033
5034
5035
5036
5037
5038
5040
5041
5042
5043
5044
5045
5046
5047
5048
5049
5050
5051
5052
5053
5054
5055
5056
5057
5058
5059
5060
5061
5062
5063
5064
5067
5068
5069
5070
5071
5072
5073
5074
5076
5077
5078
5079
5081
5082
5083
5084
5085
5086
5087
5089
5090
5091
5092
5093
5094
5096
5097
5098
5100
5101
5102
5103
5104
5105
5106
5107
5108
5109
5110
5111
5112
5113
5114
5115
5116
5119
5120
5121
5122
5127
5128
5129
5130
5131
5132
5133
5134
5135
5136
5137
5138
5139
5140
5141
5142
5143
5144
5147
5148
5149
5150
5151
5152
5153
5155
5156
5157
5158
5159
5160
5161
5162
5163
5165
5166
5167
5168
5169
5170
5171
5172
5173
5175
5176
5177
5178
5180
5181
5182
5183
5184
5185
5186
5187
5189
5190
5191
5192
5193
5194
5195
5196
5198
5199
5200
5201
5202
5204
5205
5206
5207
5208
5209
5210
5211
5212
5214
5215
5217
5218
5219
5220
5221
5222
5223
5224
5225
5226
5227
5228
5229
5230
5231
5232
5234
5235
5236
5237
5238
5239
5240
5241
5242
5243
5244
5245
5246
5247
5248
5249
5251
5252
5253
5254
5255
5256
5257
5258
5260
5261
5262
5263
5264
5269
5270
5271
5272
5273
5274
5277
5278
5279
5280
5281
5282
5283
5284
5285
5286
5287
5288
5289
5290
5291
5292
5293
5294
5295
5296
5297
5298
5299
5300
5301
5302
5303
5304
5305
5306
5307
5308
5309
5310
5311
5312
5314
5315
5316
5317
5319
5320
5321
5322
5323
5324
5325
5326
5327
5328
5329
5330
5331
5332
5333
5334
5335
5336
5337
5338
5339
5340
5341
5342
5343
5344
5345
5346
5347
5348
5349
5350
5351
5353
5354
5355
5356
5357
5358
5359
5360
5361
5362
5363
5364
5365
5366
5367
5368
5369
5370
5371
5372
5374
5375
5376
5377
5378
5379
5380
5381
5382
5383
5385
5386
5387
5388
5389
5390
5391
5392
5393
5394
5395
5396
5398
5399
5400
5401
5402
5404
5405
5406
5408
5409
5410
5411
5412
5413
5415
5416
5417
5418
5419
5420
5422
5423
5424
5425
5426
5427
5429
5430
5431
5432
5433
5434
5435
5436
5438
5439
5440
5441
5444
5445
5446
5447
5448
5449
5450
5451
5452
5453
5454
5455
5457
5458
5459
5460
5461
5463
5464
5465
5466
5467
5468
5469
5470
5471
5472
5473
5474
5475
5476
5477
5478
5479
5480
5481
5482
5483
5484
5485
5486
5487
5488
5489
5490
5491
5492
5493
5494
5495
5496
5497
5498
5499
5500
5501
5502
5503
5505
5508
5509
5510
5511
5512
5513
5514
5515
5516
5518
5519
5520
5521
5522
5523
5524
5525
5526
5527
5528
5529
5530
5531
5532
5533
5534
5535
5536
5537
5538
5539
5540
5541
5542
5543
5546
5547
5548
5549
5550
5551
5552
5553
5554
5555
5556
5557
5558
5559
5560
5563
5564
5565
5567
5568
5570
5571
5572
5573
5574
5575
5576
5577
5578
5579
5580
5581
5582
5583
5584
5585
5586
5587
5588
5589
5590
5591
5592
5593
5594
5595
5596
5598
5599
5600
5601
5602
5603
5604
5605
5606
5607
5608
5609
5610
5611
5612
5613
5614
5615
5616
5617
5618
5619
5620
5621
5622
5623
5624
5625
5626
5627
5629
5630
5632
5633
5634
5635
5636
5637
5638
5639
5640
5641
5642
5643
5644
5645
5646
5647
5648
5650
5651
5652
5653
5654
5655
5656
5657
5658
5659
5660
5661
5663
5664
5665
5666
5667
5668
5669
5670
5671
5672
5673
5674
5675
5676
5677
5678
5679
5680
5682
5684
5685
5686
5687
5688
5689
5690
5691
5692
5693
5694
5695
5696
5698
5699
5701
5702
5703
5704
5705
5706
5707
5709
5717
5718
5719
5720
5721
5722
5725
5726
5727
5728
5729
5730
5731
5732
5733
5734
5735
5736
5737
5738
5740
5741
5742
5743
5744
5745
5746
5747
5748
5749
5751
5752
5753
5754
5755
5756
5757
5758
5759
5760
5761
5762
5763
5764
5765
5766
5767
5768
5769
5770
5771
5772
5773
5774
5775
5776
5777
5778
5779
5780
5781
5782
5783
5784
5785
5786
5787
5789
5790
5791
5792
5793
5794
5795
5796
5797
5798
5799
5800
5801
5802
5803
5804
5805
5806
5807
5808
5809
5810
5811
5812
5813
5814
5815
5816
5818
5819
5820
5821
5822
5823
5824
5825
5826
5827
5828
5830
5831
5832
5833
5834
5835
5837
5838
5839
5840
5841
5842
5843
5844
5845
5846
5847
5849
5850
5851
5852
5853
5854
5856
5857
5858
5859
5860
5861
5862
5863
5864
5865
5866
5867
5868
5869
5870
5871
5872
5873
5874
5875
5876
5877
5878
5879
5880
5882
5883
5884
5885
5886
5887
5888
5890
5892
5893
5894
5895
5896
5897
5898
5899
5900
5901
5902
5903
5904
5905
5906
5907
5908
5909
5910
5911
5912
5913
5914
5915
5916
5917
5918
5919
5921
5922
5923
5924
5925
5926
5927
5928
5929
5930
5931
5932
5933
5934
5935
5936
5937
5938
5939
5940
5941
5943
5944
5945
5946
5947
5948
5949
5950
5951
5952
5953
5954
5955
5956
5957
5958
5959
5960
5961
5962
5963
5964
5965
5966
5967
5968
5969
5970
5971
5972
5973
5974
5975
5976
5977
5978
5979
5980
5981
5982
5983
5984
5985
5986
5987
5988
5989
5990
5991
5992
5993
5994
5995
5996
5997
5998
5999
6000
6001
6002
6003
6004
6005
6006
6007
6008
6009
6010
6011
6012
6013
6014
6015
6016
6017
6018
6019
6020
6021
6022
6023
6024
6026
6027
6028
6029
6030
6031
6032
6033
6034
6035
6036
6037
6038
6039
6040
6041
6042
6043
6044
6045
6046
6047
6048
6049
6050
6051
6052
6053
6054
6055
6056
6057
6058
6059
6060
6061
6062
6063
6064
6065
6066
6067
6068
6069
6070
6071
6072
6073
6075
6076
6077
6078
6079
6080
6081
6082
6083
6084
6086
6087
6088
6089
6090
6093
6094
6095
6096
6097
6098
6099
6100
6101
6102
6103
6104
6105
6106
6107
6109
6110
6112
6113
6114
6115
6116
6117
6118
6119
6120
6121
6124
6125
6126
6127
6128
6129
6130
6131
6132
6133
6134
6135
6136
6137
6138
6139
6140
6141
6142
6143
6144
6145
6146
6147
6148
6149
6150
6151
6152
6153
6154
6155
6156
6157
6158
6159
6160
6161
6162
6163
6164
6165
6166
6167
6168
6169
6170
6171
6172
6173
6174
6176
6177
6178
6180
6181
6182
6183
6184
6185
6186
6187
6188
6189
6190
6191
6192
6193
6194
6195
6196
6197
6198
6199
6201
6202
6203
6205
6206
6207
6209
6210
6211
6212
6213
6214
6215
6220
6221
6223
6224
6225
6236
6237
6239
6240
6241
6242
6243
6244
6245
6247
6248
6249
6250
6251
6252
6253
6254
6255
6257
6258
6259
6260
6261
6263
6264
6265
6267
6268
6269
6271
6272
6273
6274
6276
6277
6279
6280
6283
6286
6287
6288
6289
6291
6292
6293
6294
6295
6296
6297
6298
6299
6300
6301
6302
6303
6304
6305
6306
6307
6309
6310
6311
6312
6313
6317
6318
6319
6320
6323
6324
6325
6326
6327
6331
6332
6333
6334
6335
6336
6338
6339
6340
6341
6343
6344
6346
6347
6349
6351
6352
6353
6354
6356
6357
6358
6360
6361
6362
6364
6365
6366
6367
6368
6369
6370
6371
6372
6373
6374
6375
6378
6379
6380
6382
6383
6384
6387
6388
6389
6390
6391
6392
6393
6394
6395
6396
6397
6398
6399
6400
6401
6404
6405
6406
6407
6408
6410
6411
6414
6415
6416
6417
6419
6420
6421
6422
6423
6425
6426
6427
6429
6430
6431
6432
6434
6435
6437
6438
6440
6441
6444
6445
6448
6449
6450
6451
6452
6453
6454
6455
6456
6457
6459
6460
6461
6462
6463
6464
6465
6467
6469
6470
6471
6472
6473
6474
6475
6476
6477
6478
6479
6480
6481
6482
6483
6484
6485
6486
6487
6488
6489
6490
6491
6492
6495
6496
6498
